a 189 245 137 163
a 192 260 132 217
a 217 276 141 192
a 221 299 142 213
a 171 239 128 158
a 192 262 147 173
a 213 278 136 201
a 192 255 128 185
a 170 244 128 192
a 201 276 146 186
a 195 242 128 192
a 205 263 147 192
a 180 252 121 167
a 192 283 138 183
a 192 277 150 177
a 200 287 136 173
a 181 255 146 183
a 192 287 141 198
b 181 305 184 209
b 158 237 133 188
b 184 300 166 231
b 171 273 162 213
b 181 297 163 224
b 181 308 160 223
b 177 301 166 221
b 198 308 141 197
b 180 286 146 214
b 177 299 171 192
b 176 317 166 213
b 192 312 166 209
b 176 285 141 200
b 169 287 162 214
b 164 265 147 192
b 181 308 157 204
b 192 276 154 209
b 181 278 149 235
b 175 271 140 192
b 197 303 170 205
