% Five Categories: windows (0), crypt (1), christian (2), hockey (3), forsale (4)
0 0
1 1
2 1
3 1
4 2
5 1
6 3
7 4
8 1
9 1
10 2
11 4
12 1
13 0
14 0
15 2
16 0
17 0
18 3
19 4
20 2
21 0
22 1
23 3
24 3
25 4
26 1
27 0
28 0
29 4
30 1
31 3
32 3
33 3
34 3
35 4
36 1
37 0
38 3
39 2
40 2
41 3
42 3
43 3
44 0
45 3
46 3
47 2
48 4
49 1
50 1
51 2
52 0
53 0
54 0
55 0
56 4
57 1
58 1
59 1
60 3
61 4
62 2
63 1
64 1
65 3
66 0
67 4
68 3
69 2
70 4
71 0
72 3
73 2
74 3
75 2
76 4
77 1
78 4
79 0
80 2
81 0
82 2
83 4
84 0
85 0
86 3
87 4
88 1
89 3
90 3
91 3
92 2
93 4
94 2
95 4
96 1
97 4
98 4
99 4
100 1
101 0
102 3
103 3
104 3
105 3
106 0
107 1
108 2
109 1
110 0
111 0
112 3
113 1
114 1
115 4
116 0
117 1
118 2
119 2
120 0
121 2
122 3
123 0
124 4
125 3
126 0
127 0
128 2
129 4
130 1
131 0
132 0
133 2
134 3
135 2
136 2
137 2
138 2
139 3
140 1
141 2
142 2
143 2
144 2
145 2
146 1
147 3
148 4
149 4
150 4
151 0
152 4
153 1
154 1
155 4
156 1
157 1
158 4
159 4
160 1
161 0
162 0
163 4
164 0
165 2
166 4
167 1
168 2
169 4
170 0
171 1
172 3
173 0
174 0
175 3
176 0
177 1
178 4
179 0
180 0
181 3
182 3
183 3
184 4
185 0
186 1
187 1
188 1
189 1
190 0
191 3
192 4
193 2
194 4
195 1
196 1
197 4
198 2
199 4
200 3
201 4
202 3
203 3
204 1
205 3
206 2
207 3
208 3
209 3
210 1
211 4
212 1
213 3
214 3
215 1
216 2
217 2
218 4
219 1
220 2
221 0
222 2
223 0
224 4
225 0
226 3
227 4
228 3
229 3
230 0
231 1
232 4
233 2
234 0
235 4
236 2
237 4
238 1
239 1
240 4
241 2
242 0
243 0
244 2
245 0
246 2
247 3
248 1
249 1
250 3
251 3
252 4
253 4
254 4
255 2
256 3
257 2
258 2
259 0
260 4
261 3
262 1
263 2
264 3
265 2
266 3
267 2
268 1
269 2
270 4
271 4
272 4
273 1
274 3
275 1
276 2
277 2
278 0
279 3
280 0
281 4
282 0
283 2
284 4
285 1
286 1
287 1
288 2
289 4
290 1
291 1
292 2
293 0
294 4
295 1
296 3
297 1
298 3
299 3
300 4
301 0
302 3
303 4
304 3
305 0
306 2
307 2
308 0
309 3
310 0
311 2
312 2
313 1
314 1
315 1
316 1
317 0
318 0
319 3
320 2
321 0
322 0
323 0
324 3
325 4
326 3
327 4
328 1
329 1
330 2
331 1
332 0
333 0
334 0
335 1
336 4
337 2
338 2
339 0
340 1
341 0
342 0
343 1
344 2
345 4
346 4
347 4
348 2
349 0
350 0
351 1
352 1
353 4
354 4
355 0
356 3
357 3
358 1
359 4
360 0
361 3
362 3
363 1
364 1
365 2
366 1
367 3
368 2
369 3
370 3
371 1
372 1
373 2
374 4
375 4
376 2
377 4
378 1
379 1
380 3
381 1
382 1
383 3
384 0
385 4
386 3
387 0
388 0
389 3
390 2
391 1
392 2
393 4
394 3
395 4
396 1
397 3
398 0
399 2
400 3
401 2
402 2
403 3
404 4
405 0
406 0
407 3
408 2
409 0
410 3
411 2
412 3
413 2
414 1
415 2
416 2
417 4
418 1
419 2
420 0
421 1
422 0
423 2
424 1
425 4
426 4
427 2
428 3
429 4
430 4
431 1
432 4
433 0
434 4
435 2
436 3
437 4
438 0
439 4
440 2
441 3
442 3
443 4
444 1
445 0
446 0
447 3
448 2
449 3
450 0
451 4
452 0
453 0
454 3
455 4
456 4
457 2
458 4
459 1
460 4
461 0
462 2
463 3
464 2
465 2
466 0
467 0
468 1
469 2
470 2
471 0
472 1
473 4
474 0
475 1
476 3
477 3
478 4
479 4
480 3
481 0
482 4
483 1
484 2
485 0
486 0
487 0
488 0
489 0
490 0
491 3
492 0
493 0
494 1
495 1
496 3
497 4
498 0
499 0
500 4
501 4
502 2
503 4
504 0
505 4
506 3
507 2
508 1
509 4
510 1
511 4
512 2
513 1
514 0
515 1
516 3
517 1
518 4
519 3
520 4
521 1
522 1
523 2
524 1
525 1
526 1
527 4
528 4
529 2
530 4
531 2
532 3
533 4
534 1
535 4
536 0
537 0
538 1
539 2
540 3
541 1
542 0
543 4
544 2
545 1
546 3
547 4
548 2
549 1
550 2
551 2
552 4
553 2
554 0
555 4
556 1
557 2
558 2
559 2
560 3
561 3
562 3
563 3
564 2
565 3
566 2
567 2
568 2
569 3
570 2
571 3
572 1
573 0
574 3
575 0
576 0
577 3
578 2
579 1
580 0
581 4
582 3
583 3
584 1
585 2
586 0
587 0
588 0
589 2
590 0
591 4
592 4
593 0
594 1
595 0
596 0
597 0
598 2
599 0
600 2
601 2
602 2
603 4
604 2
605 1
606 3
607 0
608 4
609 1
610 2
611 0
612 2
613 3
614 3
615 4
616 0
617 3
618 3
619 4
620 4
621 3
622 3
623 3
624 4
625 2
626 0
627 4
628 3
629 0
630 3
631 1
632 3
633 1
634 1
635 4
636 0
637 2
638 0
639 1
640 3
641 0
642 4
643 1
644 2
645 4
646 1
647 2
648 2
649 3
650 0
651 3
652 3
653 4
654 0
655 3
656 4
657 1
658 1
659 0
660 0
661 3
662 3
663 0
664 1
665 4
666 2
667 3
668 3
669 4
670 1
671 0
672 3
673 0
674 1
675 0
676 1
677 4
678 3
679 3
680 2
681 2
682 1
683 2
684 4
685 0
686 2
687 1
688 2
689 4
690 1
691 0
692 1
693 1
694 2
695 0
696 4
697 2
698 0
699 1
700 4
701 2
702 4
703 4
704 2
705 0
706 2
707 1
708 0
709 3
710 0
711 4
712 2
713 3
714 3
715 2
716 0
717 1
718 0
719 2
720 0
721 4
722 0
723 2
724 1
725 2
726 0
727 1
728 0
729 2
730 0
731 4
732 2
733 4
734 1
735 2
736 2
737 1
738 2
739 3
740 3
741 4
742 1
743 1
744 2
745 2
746 0
747 3
748 1
749 2
750 2
751 1
752 4
753 4
754 4
755 2
756 2
757 4
758 1
759 0
760 0
761 3
762 3
763 3
764 0
765 4
766 0
767 1
768 1
769 2
770 3
771 0
772 0
773 4
774 1
775 0
776 0
777 2
778 2
779 2
780 3
781 1
782 4
783 2
784 1
785 0
786 4
787 4
788 4
789 0
790 4
791 0
792 4
793 3
794 4
795 0
796 3
797 2
798 3
799 0
800 0
801 1
802 1
803 4
804 4
805 3
806 1
807 1
808 0
809 0
810 0
811 1
812 3
813 2
814 3
815 4
816 3
817 2
818 4
819 2
820 1
821 3
822 4
823 0
824 3
825 0
826 0
827 0
828 3
829 3
830 1
831 1
832 2
833 4
834 4
835 3
836 2
837 1
838 1
839 4
840 2
841 4
842 2
843 1
844 2
845 3
846 0
847 1
848 3
849 1
850 4
851 2
852 0
853 3
854 2
855 1
856 3
857 3
858 1
859 0
860 0
861 3
862 2
863 4
864 3
865 4
866 1
867 0
868 1
869 0
870 4
871 4
872 3
873 4
874 1
875 2
876 2
877 2
878 1
879 3
880 1
881 2
882 1
883 2
884 3
885 1
886 4
887 3
888 4
889 2
890 2
891 4
892 3
893 4
894 4
895 4
896 0
897 0
898 4
899 2
900 1
901 2
902 1
903 0
904 0
905 1
906 4
907 4
908 2
909 0
910 2
911 0
912 2
913 2
914 0
915 1
916 4
917 4
918 0
919 0
920 4
921 4
922 4
923 3
924 4
925 2
926 0
927 3
928 4
929 3
930 1
931 0
932 3
933 0
934 0
935 3
936 3
937 3
938 1
939 2
940 1
941 0
942 1
943 0
944 2
945 4
946 3
947 4
948 1
949 3
950 1
951 3
952 1
953 0
954 4
955 1
956 4
957 2
958 0
959 0
960 0
961 4
962 3
963 1
964 1
965 3
966 1
967 2
968 1
969 1
970 1
971 2
972 0
973 3
974 1
975 3
976 1
977 4
978 2
979 1
980 2
981 0
982 2
983 3
984 2
985 0
986 0
987 0
988 0
989 3
990 2
991 4
992 4
993 3
994 0
995 3
996 0
997 3
998 1
999 1
1000 2
1001 3
1002 4
1003 1
1004 2
1005 0
1006 1
1007 2
1008 3
1009 2
1010 4
1011 4
1012 2
1013 2
1014 2
1015 1
1016 1
1017 2
1018 0
1019 1
1020 3
1021 0
1022 3
1023 2
1024 0
1025 3
1026 3
1027 2
1028 3
1029 2
1030 0
1031 1
1032 0
1033 1
1034 1
1035 4
1036 0
1037 2
1038 0
1039 0
1040 2
1041 2
1042 0
1043 4
1044 1
1045 2
1046 1
1047 4
1048 2
1049 2
1050 2
1051 1
1052 2
1053 0
1054 3
1055 2
1056 2
1057 3
1058 1
1059 3
1060 0
1061 4
1062 1
1063 0
1064 4
1065 3
1066 1
1067 4
1068 0
1069 4
1070 4
1071 1
1072 3
1073 0
1074 3
1075 4
1076 4
1077 1
1078 2
1079 0
1080 1
1081 3
1082 0
1083 1
1084 1
1085 0
1086 4
1087 3
1088 2
1089 4
1090 3
1091 4
1092 3
1093 0
1094 0
1095 3
1096 1
1097 1
1098 4
1099 2
1100 4
1101 3
1102 0
1103 4
1104 3
1105 1
1106 3
1107 1
1108 3
1109 1
1110 4
1111 2
1112 0
1113 1
1114 2
1115 2
1116 4
1117 2
1118 0
1119 1
1120 2
1121 0
1122 2
1123 3
1124 1
1125 0
1126 3
1127 3
1128 2
1129 4
1130 3
1131 3
1132 2
1133 4
1134 3
1135 4
1136 4
1137 2
1138 3
1139 4
1140 1
1141 3
1142 2
1143 0
1144 1
1145 0
1146 3
1147 4
1148 2
1149 3
1150 3
1151 4
1152 1
1153 2
1154 0
1155 0
1156 2
1157 2
1158 3
1159 4
1160 2
1161 4
1162 0
1163 4
1164 1
1165 2
1166 3
1167 0
1168 3
1169 3
1170 2
1171 3
1172 0
1173 1
1174 3
1175 1
1176 2
1177 1
1178 3
1179 4
1180 2
1181 4
1182 0
1183 3
1184 2
1185 2
1186 3
1187 0
1188 0
1189 3
1190 4
1191 1
1192 0
1193 3
1194 4
1195 3
1196 4
1197 1
1198 0
1199 4
1200 4
1201 1
1202 4
1203 2
1204 3
1205 2
1206 3
1207 3
1208 3
1209 1
1210 1
1211 1
1212 2
1213 3
1214 1
1215 1
1216 2
1217 3
1218 1
1219 4
1220 3
1221 0
1222 2
1223 4
1224 4
1225 3
1226 3
1227 0
1228 0
1229 1
1230 4
1231 0
1232 2
1233 4
1234 0
1235 4
1236 4
1237 1
1238 3
1239 0
1240 2
1241 0
1242 4
1243 1
1244 1
1245 0
1246 4
1247 0
1248 0
1249 3
1250 0
1251 4
1252 3
1253 0
1254 3
1255 0
1256 2
1257 1
1258 4
1259 0
1260 4
1261 1
1262 0
1263 1
1264 4
1265 0
1266 3
1267 4
1268 0
1269 3
1270 3
1271 1
1272 2
1273 0
1274 4
1275 1
1276 3
1277 3
1278 4
1279 2
1280 4
1281 4
1282 1
1283 0
1284 2
1285 3
1286 1
1287 2
1288 2
1289 4
1290 1
1291 2
1292 0
1293 3
1294 4
1295 2
1296 3
1297 1
1298 2
1299 4
1300 1
1301 1
1302 3
1303 3
1304 4
1305 3
1306 2
1307 3
1308 3
1309 1
1310 3
1311 0
1312 3
1313 0
1314 4
1315 2
1316 0
1317 0
1318 4
1319 2
1320 2
1321 2
1322 4
1323 0
1324 3
1325 4
1326 1
1327 1
1328 1
1329 3
1330 4
1331 2
1332 2
1333 2
1334 4
1335 2
1336 3
1337 3
1338 2
1339 4
1340 2
1341 1
1342 2
1343 3
1344 2
1345 2
1346 4
1347 3
1348 1
1349 4
1350 0
1351 0
1352 1
1353 1
1354 3
1355 2
1356 2
1357 2
1358 3
1359 3
1360 2
1361 2
1362 2
1363 4
1364 0
1365 1
1366 1
1367 0
1368 1
1369 0
1370 4
1371 3
1372 4
1373 4
1374 4
1375 4
1376 0
1377 1
1378 2
1379 2
1380 1
1381 0
1382 2
1383 3
1384 4
1385 0
1386 3
1387 2
1388 2
1389 3
1390 2
1391 2
1392 0
1393 3
1394 0
1395 4
1396 3
1397 4
1398 0
1399 3
1400 1
1401 1
1402 0
1403 0
1404 0
1405 4
1406 4
1407 3
1408 2
1409 0
1410 3
1411 0
1412 0
1413 2
1414 0
1415 3
1416 1
1417 0
1418 3
1419 4
1420 2
1421 3
1422 4
1423 0
1424 3
1425 1
1426 3
1427 1
1428 0
1429 3
1430 1
1431 3
1432 3
1433 1
1434 1
1435 4
1436 4
1437 1
1438 2
1439 2
1440 3
1441 4
1442 1
1443 4
1444 0
1445 4
1446 3
1447 2
1448 3
1449 1
1450 4
1451 3
1452 1
1453 0
1454 4
1455 1
1456 3
1457 2
1458 1
1459 2
1460 0
1461 4
1462 1
1463 4
1464 4
1465 1
1466 2
1467 2
1468 4
1469 0
1470 0
1471 3
1472 3
1473 4
1474 3
1475 2
1476 2
1477 3
1478 1
1479 1
1480 1
1481 2
1482 3
1483 1
1484 3
1485 3
1486 3
1487 0
1488 0
1489 4
1490 1
1491 4
1492 1
1493 1
1494 2
1495 0
1496 1
1497 2
1498 0
1499 3
1500 4
1501 1
1502 0
1503 3
1504 4
1505 1
1506 2
1507 0
1508 1
1509 3
1510 3
1511 4
1512 2
1513 2
1514 3
1515 0
1516 3
1517 2
1518 2
1519 2
1520 1
1521 0
1522 0
1523 4
1524 1
1525 1
1526 3
1527 4
1528 3
1529 4
1530 0
1531 3
1532 2
1533 2
1534 2
1535 2
1536 2
1537 0
1538 2
1539 3
1540 1
1541 0
1542 4
1543 1
1544 4
1545 4
1546 3
1547 4
1548 2
1549 4
1550 4
1551 1
1552 0
1553 3
1554 0
1555 0
1556 0
1557 1
1558 2
1559 3
1560 1
1561 0
1562 4
1563 0
1564 0
1565 3
1566 1
1567 2
1568 1
1569 3
1570 3
1571 0
1572 0
1573 1
1574 3
1575 3
1576 3
1577 2
1578 4
1579 0
1580 0
1581 0
1582 0
1583 4
1584 1
1585 4
1586 4
1587 0
1588 0
1589 1
1590 2
1591 4
1592 4
1593 1
1594 2
1595 0
1596 0
1597 0
1598 1
1599 2
1600 1
1601 1
1602 4
1603 0
1604 0
1605 3
1606 0
1607 3
1608 1
1609 3
1610 1
1611 2
1612 1
1613 0
1614 1
1615 2
1616 2
1617 4
1618 4
1619 2
1620 4
1621 4
1622 2
1623 4
1624 2
1625 1
1626 0
1627 4
1628 1
1629 3
1630 4
1631 0
1632 0
1633 4
1634 0
1635 3
1636 4
1637 3
1638 0
1639 3
1640 4
1641 4
1642 1
1643 2
1644 2
1645 3
1646 4
1647 1
1648 1
1649 0
1650 2
1651 2
1652 4
1653 4
1654 1
1655 3
1656 2
1657 2
1658 3
1659 3
1660 4
1661 2
1662 0
1663 1
1664 0
1665 4
1666 0
1667 4
1668 2
1669 0
1670 3
1671 2
1672 4
1673 1
1674 0
1675 4
1676 2
1677 1
1678 2
1679 0
1680 1
1681 2
1682 0
1683 3
1684 3
1685 2
1686 3
1687 0
1688 2
1689 4
1690 3
1691 3
1692 2
1693 2
1694 1
1695 1
1696 0
1697 1
1698 2
1699 2
1700 4
1701 0
1702 3
1703 1
1704 2
1705 0
1706 4
1707 3
1708 3
1709 1
1710 1
1711 2
1712 0
1713 1
1714 2
1715 0
1716 4
1717 3
1718 1
1719 2
1720 2
1721 4
1722 4
1723 2
1724 1
1725 4
1726 3
1727 3
1728 0
1729 0
1730 4
1731 4
1732 3
1733 4
1734 1
1735 4
1736 4
1737 3
1738 0
1739 0
1740 1
1741 4
1742 0
1743 4
1744 3
1745 0
1746 2
1747 2
1748 3
1749 4
1750 0
1751 2
1752 0
1753 0
1754 2
1755 1
1756 1
1757 3
1758 1
1759 4
1760 1
1761 2
1762 0
1763 0
1764 4
1765 1
1766 0
1767 3
1768 1
1769 3
1770 0
1771 1
1772 2
1773 2
1774 2
1775 3
1776 4
1777 1
1778 3
1779 1
1780 3
1781 3
1782 2
1783 3
1784 4
1785 2
1786 3
1787 4
1788 3
1789 4
1790 3
1791 3
1792 4
1793 4
1794 0
1795 1
1796 4
1797 2
1798 1
1799 3
1800 2
1801 1
1802 4
1803 2
1804 0
1805 4
1806 0
1807 4
1808 2
1809 2
1810 1
1811 4
1812 4
1813 4
1814 4
1815 1
1816 1
1817 2
1818 2
1819 0
1820 0
1821 3
1822 3
1823 0
1824 3
1825 0
1826 0
1827 3
1828 4
1829 4
1830 1
1831 3
1832 1
1833 1
1834 0
1835 4
1836 3
1837 4
1838 4
1839 2
1840 0
1841 4
1842 1
1843 1
1844 1
1845 2
1846 3
1847 3
1848 4
1849 1
1850 2
1851 1
1852 2
1853 0
1854 3
1855 1
1856 2
1857 4
1858 0
1859 3
1860 2
1861 0
1862 2
1863 4
1864 2
1865 2
1866 3
1867 4
1868 0
1869 4
1870 2
1871 2
1872 1
1873 1
1874 1
1875 0
1876 3
1877 0
1878 1
1879 4
1880 1
1881 1
1882 1
1883 3
1884 0
1885 2
1886 4
1887 0
1888 4
1889 0
1890 0
1891 1
1892 0
1893 2
1894 3
1895 1
1896 2
1897 3
1898 2
1899 0
1900 4
1901 2
1902 0
1903 0
1904 0
1905 4
1906 1
1907 3
1908 0
1909 0
1910 1
1911 4
1912 1
1913 3
1914 3
1915 1
1916 1
1917 3
1918 1
1919 2
1920 0
1921 3
1922 2
1923 4
1924 3
1925 2
1926 1
1927 3
1928 1
1929 4
1930 2
1931 0
1932 1
1933 2
1934 3
1935 4
1936 0
1937 3
1938 0
1939 1
1940 1
1941 1
1942 1
1943 0
1944 4
1945 0
1946 4
1947 1
1948 3
1949 1
1950 4
1951 1
1952 3
1953 1
1954 2
1955 1
1956 2
1957 3
1958 4
1959 3
1960 4
1961 2
1962 1
1963 0
1964 4
1965 4
1966 2
1967 4
1968 3
1969 1
1970 4
1971 3
1972 1
1973 3
1974 2
1975 1
1976 3
1977 3
1978 1
1979 1
1980 0
1981 0
1982 0
1983 2
1984 2
1985 4
1986 1
1987 2
1988 3
1989 3
1990 0
1991 3
1992 0
1993 0
1994 2
1995 4
1996 2
1997 2
1998 1
1999 1
2000 0
2001 1
2002 2
2003 4
2004 1
2005 3
2006 2
2007 4
2008 1
2009 2
2010 0
2011 0
2012 2
2013 2
2014 4
2015 2
2016 0
2017 4
2018 2
2019 4
2020 3
2021 4
2022 4
2023 3
2024 4
2025 0
2026 2
2027 3
2028 3
2029 1
2030 0
2031 1
2032 4
2033 4
2034 0
2035 0
2036 4
2037 2
2038 0
2039 4
2040 4
2041 0
2042 4
2043 1
2044 0
2045 4
2046 0
2047 3
2048 1
2049 4
2050 1
2051 1
2052 3
2053 1
2054 1
2055 0
2056 2
2057 3
2058 3
2059 3
2060 2
2061 1
2062 3
2063 0
2064 0
2065 0
2066 2
2067 4
2068 1
2069 2
2070 0
2071 3
2072 4
2073 0
2074 0
2075 4
2076 1
2077 3
2078 0
2079 2
2080 0
2081 1
2082 4
2083 1
2084 2
2085 2
2086 2
2087 3
2088 3
2089 4
2090 2
2091 0
2092 3
2093 2
2094 2
2095 4
2096 4
2097 3
2098 2
2099 3
2100 4
2101 3
2102 3
2103 1
2104 1
2105 4
2106 2
2107 2
2108 2
2109 3
2110 1
2111 3
2112 0
2113 1
2114 3
2115 3
2116 1
2117 2
2118 3
2119 4
2120 1
2121 2
2122 1
2123 3
2124 0
2125 2
2126 3
2127 3
2128 0
2129 1
2130 2
2131 1
2132 1
2133 0
2134 4
2135 2
2136 3
2137 2
2138 0
2139 3
2140 4
2141 0
2142 0
2143 2
2144 4
2145 4
2146 4
2147 0
2148 3
2149 3
2150 2
2151 0
2152 1
2153 3
2154 4
2155 3
2156 4
2157 1
2158 4
2159 0
2160 4
2161 2
2162 2
2163 4
2164 3
2165 4
2166 2
2167 1
2168 2
2169 2
2170 1
2171 3
2172 0
2173 0
2174 0
2175 3
2176 1
2177 2
2178 1
2179 2
2180 4
2181 2
2182 0
2183 4
2184 0
2185 0
2186 1
2187 1
2188 2
2189 3
2190 0
2191 1
2192 4
2193 3
2194 0
2195 0
2196 1
2197 2
2198 4
2199 0
2200 4
2201 3
2202 4
2203 1
2204 4
2205 4
2206 0
2207 1
2208 1
2209 3
2210 0
2211 2
2212 2
2213 3
2214 0
2215 3
2216 4
2217 2
2218 3
2219 0
2220 1
2221 1
2222 1
2223 4
2224 1
2225 1
2226 4
2227 0
2228 4
2229 3
2230 2
2231 4
2232 2
2233 0
2234 2
2235 3
2236 3
2237 3
2238 2
2239 1
2240 2
2241 3
2242 3
2243 1
2244 3
2245 1
2246 0
2247 3
2248 0
2249 4
2250 2
2251 1
2252 1
2253 4
2254 1
2255 1
2256 3
2257 2
2258 1
2259 3
2260 3
2261 4
2262 1
2263 2
2264 3
2265 1
2266 4
2267 4
2268 0
2269 1
2270 2
2271 3
2272 1
2273 0
2274 1
2275 3
2276 0
2277 2
2278 1
2279 4
2280 2
2281 0
2282 4
2283 2
2284 0
2285 2
2286 1
2287 2
2288 2
2289 0
2290 3
2291 2
2292 2
2293 2
2294 0
2295 3
2296 3
2297 4
2298 2
2299 0
2300 4
2301 4
2302 0
2303 0
2304 0
2305 3
2306 0
2307 1
2308 2
2309 1
2310 2
2311 4
2312 3
2313 3
2314 2
2315 1
2316 2
2317 1
2318 1
2319 4
2320 4
2321 1
2322 0
2323 3
2324 0
2325 2
2326 0
2327 4
2328 4
2329 2
2330 3
2331 1
2332 0
2333 4
2334 2
2335 3
2336 1
2337 1
2338 3
2339 3
2340 3
2341 4
2342 4
2343 4
2344 1
2345 1
2346 4
2347 0
2348 1
2349 1
2350 0
2351 3
2352 0
2353 0
2354 0
2355 4
2356 0
2357 4
2358 1
2359 1
2360 1
2361 1
2362 1
2363 1
2364 0
2365 1
2366 2
2367 2
2368 0
2369 0
2370 3
2371 4
2372 2
2373 4
2374 1
2375 3
2376 3
2377 4
2378 1
2379 1
2380 4
2381 3
2382 3
2383 0
2384 3
2385 4
2386 2
2387 3
2388 2
2389 4
2390 4
2391 3
2392 3
2393 2
2394 3
2395 1
2396 2
2397 3
2398 0
2399 4
2400 2
2401 0
2402 4
2403 4
2404 3
2405 3
2406 3
2407 3
2408 3
2409 4
2410 1
2411 3
2412 0
2413 0
2414 1
2415 2
2416 0
2417 2
2418 2
2419 1
2420 2
2421 3
2422 3
2423 4
2424 4
2425 2
2426 2
2427 2
2428 4
2429 4
2430 0
2431 3
2432 2
2433 1
2434 2
2435 4
2436 4
2437 1
2438 4
2439 1
2440 0
2441 3
2442 1
2443 2
2444 4
2445 3
2446 2
2447 4
2448 1
2449 1
2450 1
2451 0
2452 0
2453 4
2454 0
2455 2
2456 3
2457 0
2458 4
2459 4
2460 3
2461 2
2462 1
2463 2
2464 2
2465 4
2466 0
2467 2
2468 2
2469 2
2470 4
2471 4
2472 4
2473 4
2474 0
2475 4
2476 0
2477 0
2478 3
2479 1
2480 0
2481 0
2482 3
2483 2
2484 1
2485 4
2486 2
2487 0
2488 4
2489 2
2490 3
2491 0
2492 4
2493 2
2494 1
2495 4
2496 4
2497 3
2498 4
2499 2
